10000
1025
1026
1027
1028
1029
106
1080
110
1100
111
1110
113
119
1241
13
135
1352
139
143
1433
1434
144
1521
1720
1723
1755
179
1900
1944
199
2000
2001
2049
21
2121
23
2301
25
26
2717
3000
30821
3128
32768
3306
3389
37
389
3986
4000
4001
4002
4100
427
443
445
457
465
4899
49152
49153
49154
49155
49156
49157
5000
5009
5051
5060
5101
513
514
515
5190
53
5357
543
5432
544
548
554
5631
5666
5800
5801
5802
587
5900
6000
6001
631
6346
6347
646
66
6646
7
7001
7002
7070
79
80
8000
8008
8009
8080
8081
81
8443
873
88
8888
9
9100
990
993
995
9999
